function [rho_table,press_table] = get_atm()

rho_table = [   ...
    -2.9355e+003, 1.4812e-002;
    -2.8577e+003, 1.4720e-002;
    -2.7796e+003, 1.4629e-002;
    -2.7013e+003, 1.4538e-002;
    -2.6228e+003, 1.4447e-002;
    -2.5439e+003, 1.4356e-002;
    -2.4648e+003, 1.4266e-002;
    -2.3855e+003, 1.4175e-002;
    -2.3059e+003, 1.4086e-002;
    -2.2260e+003, 1.3996e-002;
    -2.1459e+003, 1.3907e-002;
    -2.0655e+003, 1.3818e-002;
    -1.9848e+003, 1.3729e-002;
    -1.9038e+003, 1.3640e-002;
    -1.8226e+003, 1.3552e-002;
    -1.7411e+003, 1.3464e-002;
    -1.6594e+003, 1.3377e-002;
    -1.5773e+003, 1.3289e-002;
    -1.4950e+003, 1.3202e-002;
    -1.4125e+003, 1.3116e-002;
    -1.3296e+003, 1.3029e-002;
    -1.2465e+003, 1.2943e-002;
    -1.1631e+003, 1.2857e-002;
    -1.0794e+003, 1.2771e-002;
    -9.9545e+002, 1.2686e-002;
    -9.1123e+002, 1.2601e-002;
    -8.2673e+002, 1.2516e-002;
    -7.4196e+002, 1.2432e-002;
    -6.5692e+002, 1.2348e-002;
    -5.7161e+002, 1.2264e-002;
    -4.8604e+002, 1.2180e-002;
    -4.0019e+002, 1.2083e-002;
    -3.1407e+002, 1.2012e-002;
    -2.2770e+002, 1.1940e-002;
    -1.4107e+002, 1.1869e-002;
    -5.4170e+001, 1.1798e-002;
    3.2989e+001, 1.1727e-002;
    1.2041e+002, 1.1656e-002;
    2.0810e+002, 1.1586e-002;
    2.9605e+002, 1.1516e-002;
    3.8426e+002, 1.1446e-002;
    4.7274e+002, 1.1376e-002;
    5.6148e+002, 1.1307e-002;
    6.5048e+002, 1.1238e-002;
    7.3975e+002, 1.1169e-002;
    8.2929e+002, 1.1100e-002;
    9.1908e+002, 1.1032e-002;
    1.0091e+003, 1.0963e-002;
    1.0995e+003, 1.0895e-002;
    1.1900e+003, 1.0827e-002;
    1.2809e+003, 1.0760e-002;
    1.3720e+003, 1.0693e-002;
    1.4633e+003, 1.0626e-002;
    1.5549e+003, 1.0559e-002;
    1.6468e+003, 1.0492e-002;
    1.7389e+003, 1.0426e-002;
    1.8313e+003, 1.0360e-002;
    1.9239e+003, 1.0294e-002;
    2.0167e+003, 1.0229e-002;
    2.1098e+003, 1.0163e-002;
    2.2032e+003, 1.0098e-002;
    2.2967e+003, 1.0034e-002;
    2.3905e+003, 9.9692e-003;
    2.4845e+003, 9.9050e-003;
    2.5788e+003, 9.8411e-003;
    2.6732e+003, 9.7775e-003;
    2.7679e+003, 9.7142e-003;
    2.8627e+003, 9.6511e-003;
    2.9578e+003, 9.5884e-003;
    3.0530e+003, 9.5259e-003;
    3.1485e+003, 9.4638e-003;
    3.2441e+003, 9.4019e-003;
    3.3398e+003, 9.3404e-003;
    3.4358e+003, 9.2792e-003;
    3.5318e+003, 9.2183e-003;
    3.6280e+003, 9.1577e-003;
    3.7244e+003, 9.0974e-003;
    3.8209e+003, 9.0375e-003;
    3.9174e+003, 8.9780e-003;
    4.0141e+003, 8.9187e-003;
    4.1108e+003, 8.8599e-003;
    4.2077e+003, 8.8014e-003;
    4.3045e+003, 8.7432e-003;
    4.4015e+003, 8.6854e-003;
    4.4984e+003, 8.6280e-003;
    4.5954e+003, 8.5710e-003;
    4.6923e+003, 8.5144e-003;
    4.7893e+003, 8.4582e-003;
    4.8862e+003, 8.4023e-003;
    4.9831e+003, 8.3469e-003;
    5.0799e+003, 8.2858e-003;
    5.1766e+003, 8.2239e-003;
    5.2732e+003, 8.1624e-003;
    5.3696e+003, 8.1016e-003;
    5.4659e+003, 8.0412e-003;
    5.5621e+003, 7.9815e-003;
    5.6580e+003, 7.9223e-003;
    5.7537e+003, 7.8637e-003;
    5.8491e+003, 7.8057e-003;
    5.9443e+003, 7.7483e-003;
    6.0392e+003, 7.6914e-003;
    6.1337e+003, 7.6352e-003;
    6.2279e+003, 7.5797e-003;
    6.3217e+003, 7.5247e-003;
    6.4151e+003, 7.4704e-003;
    6.5081e+003, 7.4167e-003;
    6.6006e+003, 7.3637e-003;
    6.6926e+003, 7.3113e-003;
    6.7842e+003, 7.2596e-003;
    6.8752e+003, 7.2086e-003;
    6.9656e+003, 7.1582e-003;
    7.0555e+003, 7.1085e-003;
    7.1448e+003, 7.0595e-003;
    7.2334e+003, 7.0111e-003;
    7.3214e+003, 6.9634e-003;
    7.4088e+003, 6.9164e-003;
    7.4955e+003, 6.8701e-003;
    7.5816e+003, 6.8244e-003;
    7.6669e+003, 6.7794e-003;
    7.7515e+003, 6.7351e-003;
    7.8355e+003, 6.6914e-003;
    7.9187e+003, 6.6484e-003;
    8.0012e+003, 6.6060e-003;
    8.0830e+003, 6.5643e-003;
    8.1640e+003, 6.5232e-003;
    8.2444e+003, 6.4827e-003;
    8.3241e+003, 6.4428e-003;
    8.4031e+003, 6.4034e-003;
    8.4815e+003, 6.3646e-003;
    8.5593e+003, 6.3264e-003;
    8.6365e+003, 6.2887e-003;
    8.7132e+003, 6.2514e-003;
    8.7894e+003, 6.2146e-003;
    8.8652e+003, 6.1782e-003;
    8.9407e+003, 6.1422e-003;
    9.0158e+003, 6.1066e-003;
    9.0903e+003, 6.0715e-003;
    9.1638e+003, 6.0370e-003;
    9.2365e+003, 6.0031e-003;
    9.3083e+003, 5.9698e-003;
    9.3793e+003, 5.9371e-003;
    9.4492e+003, 5.9050e-003;
    9.5182e+003, 5.8736e-003;
    9.5860e+003, 5.8428e-003;
    9.6526e+003, 5.8127e-003;
    9.7178e+003, 5.7835e-003;
    9.7816e+003, 5.7550e-003;
    9.8443e+003, 5.7271e-003;
    9.9060e+003, 5.6998e-003;
    9.9670e+003, 5.6730e-003;
    1.0027e+004, 5.6461e-003;
    1.0088e+004, 5.6189e-003;
    1.0148e+004, 5.5918e-003;
    1.0209e+004, 5.5648e-003;
    1.0270e+004, 5.5376e-003;
    1.0332e+004, 5.5101e-003;
    1.0396e+004, 5.4822e-003;
    1.0461e+004, 5.4538e-003;
    1.0527e+004, 5.4249e-003;
    1.0595e+004, 5.3953e-003;
    1.0664e+004, 5.3660e-003;
    1.0729e+004, 5.3382e-003;
    1.0792e+004, 5.3113e-003;
    1.0854e+004, 5.2853e-003;
    1.0914e+004, 5.2600e-003;
    1.0972e+004, 5.2356e-003;
    1.1028e+004, 5.2120e-003;
    1.1083e+004, 5.1891e-003;
    1.1137e+004, 5.1671e-003;
    1.1188e+004, 5.1458e-003;
    1.1238e+004, 5.1252e-003;
    1.1287e+004, 5.1054e-003;
    1.1334e+004, 5.0864e-003;
    1.1379e+004, 5.0680e-003;
    1.1423e+004, 5.0504e-003;
    1.1465e+004, 5.0335e-003;
    1.1505e+004, 5.0172e-003;
    1.1544e+004, 5.0016e-003;
    1.1581e+004, 4.9867e-003;
    1.1617e+004, 4.9725e-003;
    1.1651e+004, 4.9589e-003;
    1.1684e+004, 4.9460e-003;
    1.1715e+004, 4.9337e-003;
    1.1745e+004, 4.9220e-003;
    1.1773e+004, 4.9109e-003;
    1.1800e+004, 4.9004e-003;
    1.1825e+004, 4.8905e-003;
    1.1849e+004, 4.8812e-003;
    1.1872e+004, 4.8724e-003;
    1.1893e+004, 4.8643e-003;
    1.1912e+004, 4.8566e-003;
    1.1930e+004, 4.8495e-003;
    1.1947e+004, 4.8430e-003;
    1.1963e+004, 4.8369e-003;
    1.1977e+004, 4.8314e-003;
    1.1990e+004, 4.8264e-003;
    1.2002e+004, 4.8218e-003;
    1.2013e+004, 4.8177e-003;
    1.2022e+004, 4.8141e-003;
    1.2030e+004, 4.8110e-003;
    1.2037e+004, 4.8083e-003;
    1.2043e+004, 4.8060e-003;
    1.2048e+004, 4.8041e-003;
    1.2052e+004, 4.8026e-003;
    1.2055e+004, 4.8015e-003;
    1.2057e+004, 4.8008e-003;
    1.2058e+004, 4.8004e-003;
    1.2084e+004, 4.7896e-003;
    1.2117e+004, 4.7772e-003;
    1.2154e+004, 4.7631e-003;
    1.2195e+004, 4.7473e-003;
    1.2242e+004, 4.7296e-003;
    1.2295e+004, 4.7099e-003;
    1.2353e+004, 4.6879e-003;
    1.2418e+004, 4.6637e-003;
    1.2490e+004, 4.6369e-003;
    1.2570e+004, 4.6075e-003;
    1.2658e+004, 4.5752e-003;
    1.2755e+004, 4.5399e-003;
    1.2862e+004, 4.5014e-003;
    1.2979e+004, 4.4595e-003;
    1.3108e+004, 4.4140e-003;
    1.3248e+004, 4.3648e-003;
    1.3402e+004, 4.3117e-003;
    1.3569e+004, 4.2544e-003;
    1.3752e+004, 4.1929e-003;
    1.3951e+004, 4.1270e-003;
    1.4167e+004, 4.0566e-003;
    1.4401e+004, 3.9816e-003;
    1.4655e+004, 3.9018e-003;
    1.4930e+004, 3.8173e-003;
    1.5228e+004, 3.7255e-003;
    1.5549e+004, 3.6280e-003;
    1.5895e+004, 3.5258e-003;
    1.6268e+004, 3.4192e-003;
    1.6667e+004, 3.3085e-003;
    1.7095e+004, 3.1939e-003;
    1.7551e+004, 3.0760e-003;
    1.8038e+004, 2.9552e-003;
    1.8555e+004, 2.8321e-003;
    1.9104e+004, 2.7071e-003;
    1.9685e+004, 2.5810e-003;
    2.0298e+004, 2.4523e-003;
    2.0944e+004, 2.3217e-003;
    2.1622e+004, 2.1921e-003;
    2.2334e+004, 2.0642e-003;
    2.3078e+004, 1.9386e-003;
    2.3854e+004, 1.8159e-003;
    2.4662e+004, 1.6966e-003;
    2.5501e+004, 1.5761e-003;
    2.6371e+004, 1.4572e-003;
    2.7270e+004, 1.3438e-003;
    2.8197e+004, 1.2362e-003;
    2.9152e+004, 1.1345e-003;
