% Population File %

function pop = population(X1,X2) 

pop = -0.093425*X1.^3 + 0.017248*X1.^2.*X2 +...
    0.040138*X1.^2 - 0.0035582*X1.*X2.^2 + 0.076212*X1.*X2 +...
    1.3537*X1 - 0.0069758*X2.^3 - 0.059675*X2.^2 + 0.062387*X2 + 2.481;
return